-2.5 -10.02979260199891
-2.46689898989899 -8.0923595903131
-2.43379797979798 -6.330132000576076
-2.4006969696969698 -4.734904826613271
-2.3675959595959597 -3.298668762970614
-2.3344949494949496 -2.0136087743460083
-2.3013939393939395 -0.8721026650203925
-2.2682929292929295 0.13328035171100794
-2.2351919191919194 1.0097810841072743
-2.2020909090909093 1.764451792550707
-2.168989898989899 2.4041576201155266
-2.1358888888888887 2.935578023136612
-2.1027878787878787 3.3652082017782075
-2.0696868686868686 3.699360530602835
-2.0365858585858585 3.9441659891398366
-2.0034848484848484 4.105575592454354
-1.9703838383838383 4.189361821715831
-1.9372828282828283 4.201120054766955
-1.9041818181818182 4.146269996692375
-1.8710808080808081 4.030057110387379
-1.837979797979798 3.8575540471267225
-1.804878787878788 3.6336620771333443
-1.7717777777777777 3.363112520147155
-1.7386767676767676 3.05046817599373
-1.7055757575757575 2.7001247551531247
-1.6724747474747474 2.316312309328577
-1.6393737373737374 1.9030966620152974
-1.606272727272727 1.4643808390692001
-1.573171717171717 1.003906499275681
-1.540070707070707 0.5252553649183156
-1.5069696969696968 0.03185065234767137
-1.4738686868686868 -0.47304149744997126
-1.4407676767676767 -0.9863105882838461
-1.4076666666666666 -1.505000338189987
-1.3745656565656565 -2.026307248862418
-1.3414646464646465 -2.5475791750844454
-1.3083636363636364 -3.066313894159899
-1.275262626262626 -3.580157675344365
-1.242161616161616 -4.086903849276443
-1.209060606060606 -4.584491377408977
-1.1759595959595959 -5.071003421440334
-1.1428585858585858 -5.5446659127456295
-1.1097575757575757 -6.003846121807971
-1.0766565656565656 -6.447051227649718
-1.0435555555555553 -6.872926887263732
-1.0104545454545453 -7.280255805044607
-0.9773535353535352 -7.6679563022199275
-0.9442525252525251 -8.035080886281516
-0.911151515151515 -8.380814820416681
-0.878050505050505 -8.704474692939462
-0.8449494949494949 -9.005506986721874
-0.8118484848484848 -9.28348664862516
-0.7787474747474747 -9.538115658931039
-0.7456464646464644 -9.769221600772948
-0.7125454545454544 -9.976756229567288
-0.6794444444444443 -10.160794042444685
-0.6463434343434342 -10.32153084768122
-0.6132424242424241 -10.459282334129686
-0.5801414141414141 -10.574482640650835
-0.547040404040404 -10.667682925544625
-0.5139393939393937 -10.739549935981461
-0.4808383838383836 -10.790864577433453
-0.44773737373737355 -10.822520483105652
-0.41463636363636347 -10.83552258336731
-0.3815353535353534 -10.830985675183113
-0.3484343434343433 -10.810132991544444
-0.31533333333333324 -10.774294770900616
-0.28223232323232317 -10.724906826590127
-0.2491313131313131 -10.663509116271907
-0.21603030303030302 -10.591744311356564
-0.18292929292929294 -10.51135636643763
-0.14982828282828287 -10.42418908872281
-0.11672727272727279 -10.332184707465233
-0.08362626262626227 -10.23738244339469
-0.050525252525252196 -10.141917078148891
-0.01742424242424212 -10.048017523704708
0.015676767676767955 -9.958005391809419
0.04877777777777803 -9.874293563411962
0.0818787878787881 -9.799384758094181
0.11497979797979818 -9.735870103502066
0.14808080808080826 -9.686427704777012
0.18118181818181833 -9.653821213987055
0.2142828282828284 -9.640898399558127
0.24738383838383848 -9.650589715705303
0.28048484848484856 -9.685906871864043
0.31358585858585863 -9.749941402121445
0.3466868686868687 -9.845863234647489
0.3797878787878788 -9.976919261126284
0.4128888888888893 -10.146431906187322
0.4459898989898994 -10.35779769683671
0.47909090909090946 -10.614485831888437
0.5121919191919195 -10.920036751395607
0.5452929292929296 -11.278060706081693
0.5783939393939397 -11.69223632677178
0.6114949494949498 -12.166309193823817
0.6445959595959598 -12.704090406559862
0.6776969696969699 -13.309455152697328
0.71079797979798 -13.986341277780232
0.7438989898989901 -14.738747854610443
0.777 -15.570733752678926